Typical Measured Spectrum of Semrock FF01-515/588/700 Optical Filter	
For wavelengths between 320 and 1120 nm, values near or below 3e-7 (Optical Density 6.5) are measurement noise limited.
For wavelengths < 320 nm and > 1120 nm, values near or below 3e-6 (Optical Density 5.5) are measurement noise limited. 
Data format:  Wavelength (nm) <tab> Transmission (0 to 1)
290.0	4.473e-07
290.2	4.4148e-07
290.4	4.3574e-07
290.6	4.3007e-07
290.8	4.2448e-07
291.0	4.1896e-07
291.2	4.1351e-07
291.4	4.0813e-07
291.6	4.0282e-07
291.8	3.9758e-07
292.0	3.9241e-07
292.2	3.873e-07
292.4	3.8226e-07
292.6	3.7729e-07
292.8	3.7238e-07
293.0	3.6919e-07
293.2	3.7307e-07
293.4	3.7698e-07
293.6	3.8095e-07
293.8	3.8495e-07
294.0	3.8899e-07
294.2	3.9308e-07
294.4	3.9721e-07
294.6	4.0138e-07
294.8	4.056e-07
295.0	4.0986e-07
295.2	4.5405e-07
295.4	5.0301e-07
295.6	5.5725e-07
295.8	6.1734e-07
296.0	6.839e-07
296.2	7.5765e-07
296.4	8.3934e-07
296.6	9.2985e-07
296.8	1.0301e-06
297.0	1.1412e-06
297.2	1.2642e-06
297.4	1.4006e-06
297.6	1.5516e-06
297.8	1.7189e-06
298.0	1.8963e-06
298.2	1.9947e-06
298.4	2.0982e-06
298.6	2.207e-06
298.8	2.3215e-06
299.0	2.4419e-06
299.2	2.5685e-06
299.4	2.7018e-06
299.6	2.8419e-06
299.8	2.9893e-06
300.0	3.1443e-06
300.2	3.3074e-06
300.4	3.479e-06
300.6	3.6594e-06
300.8	3.8492e-06
301.0	4.0489e-06
301.2	4.2589e-06
301.4	4.4798e-06
301.6	4.7122e-06
301.8	4.7362e-06
302.0	4.482e-06
302.2	4.2414e-06
302.4	4.0137e-06
302.6	3.7982e-06
302.8	3.5943e-06
303.0	3.4013e-06
303.2	3.2187e-06
303.4	3.0459e-06
303.6	2.8824e-06
303.8	2.7276e-06
304.0	2.5812e-06
304.2	2.4426e-06
304.4	2.3115e-06
304.6	2.1874e-06
304.8	2.07e-06
305.0	1.9588e-06
305.2	2.3617e-06
305.4	2.8475e-06
305.6	3.2363e-06
305.8	3.0349e-06
306.0	2.8461e-06
306.2	2.669e-06
306.4	2.5029e-06
306.6	2.3472e-06
306.8	2.2012e-06
307.0	2.0642e-06
307.2	1.9358e-06
307.4	1.8153e-06
307.6	1.7024e-06
307.8	1.5964e-06
308.0	1.4971e-06
308.2	1.404e-06
308.4	1.3166e-06
308.6	1.2347e-06
308.8	1.1579e-06
309.0	1.0858e-06
309.2	1.0182e-06
309.4	1.065e-06
309.6	1.2117e-06
309.8	1.3785e-06
310.0	1.5683e-06
310.2	1.7842e-06
310.4	2.0298e-06
310.6	2.3093e-06
310.8	2.6272e-06
311.0	2.9889e-06
311.2	3.4004e-06
311.4	3.8686e-06
311.6	4.4012e-06
311.8	5.0071e-06
312.0	5.6965e-06
312.2	6.4808e-06
312.4	7.373e-06
312.6	8.3881e-06
312.8	9.543e-06
313.0	1.0857e-05
313.2	9.9904e-06
313.4	8.9906e-06
313.6	8.0909e-06
313.8	7.2812e-06
314.0	6.5525e-06
314.2	5.8968e-06
314.4	5.3067e-06
314.6	4.7756e-06
314.8	4.2977e-06
315.0	3.8676e-06
315.2	3.4806e-06
315.4	3.1323e-06
315.6	2.8188e-06
315.8	2.5367e-06
316.0	2.2829e-06
316.2	2.0544e-06
316.4	1.8488e-06
316.6	1.6638e-06
316.8	1.5038e-06
317.0	1.3769e-06
317.2	1.2608e-06
317.4	1.1544e-06
317.6	1.057e-06
317.8	9.6785e-07
318.0	8.862e-07
318.2	8.1144e-07
318.4	7.4298e-07
318.6	6.8031e-07
318.8	6.2291e-07
319.0	5.7036e-07
319.2	5.2225e-07
319.4	4.7819e-07
319.6	4.3785e-07
319.8	4.0091e-07
320.0	3.6709e-07
320.2	3.3612e-07
320.4	3.0776e-07
320.6	3.0389e-07
320.8	3.1521e-07
321.0	3.2695e-07
321.2	3.3913e-07
321.4	3.5177e-07
321.6	3.6487e-07
321.8	3.7846e-07
322.0	3.9256e-07
322.2	4.0719e-07
322.4	4.2236e-07
322.6	4.381e-07
322.8	4.5442e-07
323.0	4.7135e-07
323.2	4.8891e-07
323.4	5.0712e-07
323.6	5.2601e-07
323.8	5.4561e-07
324.0	5.6594e-07
324.2	5.8702e-07
324.4	5.6188e-07
324.6	5.3625e-07
324.8	5.1179e-07
325.0	4.8845e-07
325.2	4.6617e-07
325.4	4.449e-07
325.6	4.2461e-07
325.8	4.0524e-07
326.0	3.8676e-07
326.2	3.6912e-07
326.4	3.5228e-07
326.6	3.3621e-07
326.8	3.2087e-07
327.0	3.0624e-07
327.2	2.9227e-07
327.4	2.7894e-07
327.6	2.6621e-07
327.8	2.5407e-07
328.0	2.5174e-07
328.2	2.6869e-07
328.4	2.8679e-07
328.6	3.061e-07
328.8	3.2671e-07
329.0	3.4871e-07
329.2	3.7219e-07
329.4	3.9725e-07
329.6	4.24e-07
329.8	4.5255e-07
330.0	4.8303e-07
330.2	5.1555e-07
330.4	5.5027e-07
330.6	5.8733e-07
330.8	6.2687e-07
331.0	6.6909e-07
331.2	7.1414e-07
331.4	7.6223e-07
331.6	8.1356e-07
331.8	8.8843e-07
332.0	9.793e-07
332.2	1.0795e-06
332.4	1.1899e-06
332.6	1.3116e-06
332.8	1.4457e-06
333.0	1.5936e-06
333.2	1.7566e-06
333.4	1.9363e-06
333.6	2.1343e-06
333.8	2.3526e-06
334.0	2.5932e-06
334.2	2.8585e-06
334.4	3.1508e-06
334.6	3.4731e-06
334.8	3.8284e-06
335.0	4.2199e-06
335.2	5.1704e-06
335.4	6.3349e-06
335.6	6.9454e-06
335.8	5.6387e-06
336.0	4.5779e-06
336.2	3.7166e-06
336.4	3.0174e-06
336.6	2.4497e-06
336.8	1.9889e-06
337.0	1.6147e-06
337.2	1.3109e-06
337.4	1.0643e-06
337.6	8.6406e-07
337.8	7.015e-07
338.0	5.6952e-07
338.2	4.6238e-07
338.4	3.7539e-07
338.6	3.0477e-07
338.8	2.4743e-07
339.0	2.0088e-07
339.2	1.6309e-07
339.4	1.5027e-07
339.6	1.4914e-07
339.8	1.4802e-07
340.0	1.4691e-07
340.2	1.4581e-07
340.4	1.4472e-07
340.6	1.4363e-07
340.8	1.4255e-07
341.0	1.4148e-07
341.2	1.4042e-07
341.4	1.3937e-07
341.6	1.3832e-07
341.8	1.3729e-07
342.0	1.3626e-07
342.2	1.3524e-07
342.4	1.3422e-07
342.6	1.3321e-07
342.8	1.3221e-07
343.0	1.3122e-07
343.2	1.5052e-07
343.4	1.7266e-07
343.6	1.9806e-07
343.8	2.2719e-07
344.0	2.606e-07
344.2	2.9893e-07
344.4	3.429e-07
344.6	3.9333e-07
344.8	4.5118e-07
345.0	5.1754e-07
345.2	5.9366e-07
345.4	6.8098e-07
345.6	7.8114e-07
345.8	8.9602e-07
346.0	1.0278e-06
346.2	1.179e-06
346.4	1.3524e-06
346.6	1.5513e-06
346.8	1.6e-06
347.0	1.3875e-06
347.2	1.2032e-06
347.4	1.0434e-06
347.6	9.0478e-07
347.8	7.846e-07
348.0	6.8038e-07
348.2	5.9e-07
348.4	5.1164e-07
348.6	4.4368e-07
348.8	3.8474e-07
349.0	3.3364e-07
349.2	2.8932e-07
349.4	2.5089e-07
349.6	2.1757e-07
349.8	1.8867e-07
350.0	1.6361e-07
350.2	1.4187e-07
350.4	1.2303e-07
350.6	1.2785e-07
350.8	1.4046e-07
351.0	1.5431e-07
351.2	1.6953e-07
351.4	1.8625e-07
351.6	2.0462e-07
351.8	2.248e-07
352.0	2.4696e-07
352.2	2.7132e-07
352.4	2.9808e-07
352.6	3.2747e-07
352.8	3.5977e-07
353.0	3.9524e-07
353.2	4.3422e-07
353.4	4.7704e-07
353.6	5.2409e-07
353.8	5.7577e-07
354.0	6.3255e-07
354.2	6.891e-07
354.4	7.1699e-07
354.6	7.4601e-07
354.8	7.7621e-07
355.0	8.0763e-07
355.2	8.4032e-07
355.4	8.7433e-07
355.6	9.0972e-07
355.8	9.4654e-07
356.0	9.8485e-07
356.2	1.0247e-06
356.4	1.0662e-06
356.6	1.1093e-06
356.8	1.1542e-06
357.0	1.201e-06
357.2	1.2496e-06
357.4	1.3002e-06
357.6	1.3528e-06
357.8	1.4075e-06
358.0	1.4528e-06
358.2	1.4898e-06
358.4	1.5279e-06
358.6	1.5668e-06
358.8	1.6068e-06
359.0	1.6478e-06
359.2	1.6899e-06
359.4	1.733e-06
359.6	1.7772e-06
359.8	1.8226e-06
360.0	1.8691e-06
360.2	1.9168e-06
360.4	1.9657e-06
360.6	2.0158e-06
360.8	2.0673e-06
361.0	2.12e-06
361.2	2.1741e-06
361.4	2.2296e-06
361.6	2.2865e-06
361.8	2.0027e-06
362.0	1.7442e-06
362.2	1.5191e-06
362.4	1.323e-06
362.6	1.1522e-06
362.8	1.0035e-06
363.0	8.7394e-07
363.2	7.6113e-07
363.4	6.6288e-07
363.6	5.7731e-07
363.8	5.0279e-07
364.0	4.3789e-07
364.2	3.8136e-07
364.4	3.3214e-07
364.6	2.8926e-07
364.8	2.5192e-07
365.0	2.194e-07
365.2	2.0233e-07
365.4	1.8658e-07
365.6	1.7206e-07
365.8	1.5867e-07
366.0	1.4632e-07
366.2	1.3494e-07
366.4	1.2443e-07
366.6	1.1475e-07
366.8	1.0582e-07
367.0	1.008e-07
367.2	1.0061e-07
367.4	1.0043e-07
367.6	1.0024e-07
367.8	1.0005e-07
368.0	9.9864e-08
368.2	9.9677e-08
368.4	9.949e-08
368.6	9.9304e-08
368.8	9.9118e-08
369.0	9.8933e-08
369.2	9.8747e-08
369.4	9.8563e-08
369.6	9.8378e-08
369.8	9.8194e-08
370.0	9.801e-08
370.2	9.7827e-08
370.4	9.7644e-08
370.6	9.7461e-08
370.8	1.0833e-07
371.0	1.24e-07
371.2	1.4194e-07
371.4	1.6249e-07
371.6	1.86e-07
371.8	2.1291e-07
372.0	2.4372e-07
372.2	2.7899e-07
372.4	3.1936e-07
372.6	3.6558e-07
372.8	4.1848e-07
373.0	4.7904e-07
373.2	5.4836e-07
373.4	6.2771e-07
373.6	7.1854e-07
373.8	8.2252e-07
374.0	9.4155e-07
374.2	1.0778e-06
374.4	1.1862e-06
374.6	1.0699e-06
374.8	9.6509e-07
375.0	8.7051e-07
375.2	7.852e-07
375.4	7.0825e-07
375.6	6.3884e-07
375.8	5.7623e-07
376.0	5.1976e-07
376.2	4.6883e-07
376.4	4.2288e-07
376.6	3.8144e-07
376.8	3.4406e-07
377.0	3.1034e-07
377.2	2.7992e-07
377.4	2.5249e-07
377.6	2.2775e-07
377.8	2.0543e-07
378.0	1.853e-07
378.2	1.7295e-07
378.4	1.659e-07
378.6	1.5915e-07
378.8	1.5267e-07
379.0	1.4645e-07
379.2	1.4049e-07
379.4	1.3477e-07
379.6	1.2928e-07
379.8	1.2401e-07
380.0	1.1896e-07
380.2	1.1412e-07
380.4	1.0947e-07
380.6	1.0501e-07
380.8	1.0074e-07
381.0	9.6635e-08
381.2	9.27e-08
381.4	8.8925e-08
381.6	8.5304e-08
381.8	8.183e-08
382.0	9.1486e-08
382.2	1.0302e-07
382.4	1.1601e-07
382.6	1.3064e-07
382.8	1.4711e-07
383.0	1.6566e-07
383.2	1.8654e-07
383.4	2.1007e-07
383.6	2.3655e-07
383.8	2.6638e-07
384.0	2.9996e-07
384.2	3.3779e-07
384.4	3.8038e-07
384.6	4.2834e-07
384.8	4.8234e-07
385.0	5.4316e-07
385.2	6.1165e-07
385.4	6.8877e-07
385.6	7.0928e-07
385.8	6.2306e-07
386.0	5.4733e-07
386.2	4.808e-07
386.4	4.2236e-07
386.6	3.7102e-07
386.8	3.2593e-07
387.0	2.8631e-07
387.2	2.5151e-07
387.4	2.2094e-07
387.6	1.9408e-07
387.8	1.7049e-07
388.0	1.4977e-07
388.2	1.3157e-07
388.4	1.1557e-07
388.6	1.0153e-07
388.8	8.9185e-08
389.0	7.8345e-08
389.2	6.8822e-08
389.4	6.3527e-08
389.6	5.9489e-08
389.8	5.5708e-08
390.0	5.2167e-08
390.2	4.8851e-08
390.4	4.5746e-08
390.6	4.2838e-08
390.8	4.0115e-08
391.0	3.7565e-08
391.2	3.5178e-08
391.4	3.2942e-08
391.6	3.0848e-08
391.8	2.8887e-08
392.0	2.7051e-08
392.2	2.6746e-08
392.4	2.6444e-08
392.6	2.6145e-08
392.8	2.585e-08
393.0	2.5556e-08
393.2	2.5264e-08
393.4	2.4974e-08
393.6	2.4688e-08
393.8	2.4406e-08
394.0	2.4126e-08
394.2	2.385e-08
394.4	2.3577e-08
394.6	2.3307e-08
394.8	2.304e-08
395.0	2.2776e-08
395.2	2.2515e-08
395.4	2.2257e-08
395.6	2.2003e-08
395.8	2.1751e-08
396.0	2.1501e-08
396.2	2.1255e-08
396.4	2.1012e-08
396.6	2.0771e-08
396.8	2.0563e-08
397.0	2.0359e-08
397.2	2.0158e-08
397.4	1.9958e-08
397.6	1.976e-08
397.8	1.9564e-08
398.0	1.937e-08
398.2	1.9178e-08
398.4	1.8988e-08
398.6	1.88e-08
398.8	1.8614e-08
399.0	1.8429e-08
399.2	1.8247e-08
399.4	1.8066e-08
399.6	1.7887e-08
399.8	1.771e-08
400.0	1.7534e-08
400.2	1.736e-08
400.4	1.7189e-08
400.6	1.7022e-08
400.8	1.6856e-08
401.0	1.6692e-08
401.2	1.653e-08
401.4	1.6369e-08
401.6	1.621e-08
401.8	1.6052e-08
402.0	1.5895e-08
402.2	1.5741e-08
402.4	1.5587e-08
402.6	1.5436e-08
402.8	1.5285e-08
403.0	1.5137e-08
403.2	1.4989e-08
403.4	1.4843e-08
403.6	1.4699e-08
403.8	1.4556e-08
404.0	1.4414e-08
404.2	1.4285e-08
404.4	1.416e-08
404.6	1.4037e-08
404.8	1.3914e-08
405.0	1.3793e-08
405.2	1.3673e-08
405.4	1.3553e-08
405.6	1.3435e-08
405.8	1.3318e-08
406.0	1.3202e-08
406.2	1.3087e-08
406.4	1.2973e-08
406.6	1.2859e-08
406.8	1.2747e-08
407.0	1.2636e-08
407.2	1.2526e-08
407.4	1.2417e-08
407.6	1.2308e-08
407.8	1.2204e-08
408.0	1.211e-08
408.2	1.2017e-08
408.4	1.1924e-08
408.6	1.1833e-08
408.8	1.1741e-08
409.0	1.1651e-08
409.2	1.1562e-08
409.4	1.1473e-08
409.6	1.1384e-08
409.8	1.1297e-08
410.0	1.121e-08
410.2	1.1124e-08
410.4	1.1038e-08
410.6	1.0953e-08
410.8	1.0869e-08
411.0	1.0785e-08
411.2	1.0702e-08
411.4	1.062e-08
411.6	1.1481e-08
411.8	1.2959e-08
412.0	1.4627e-08
412.2	1.651e-08
412.4	1.8635e-08
412.6	2.1034e-08
412.8	2.3742e-08
413.0	2.6798e-08
413.2	3.0247e-08
413.4	3.4141e-08
413.6	3.8536e-08
413.8	4.3496e-08
414.0	4.9095e-08
414.2	5.5415e-08
414.4	6.2549e-08
414.6	7.06e-08
414.8	7.9689e-08
415.0	8.9947e-08
415.2	1.0e-07
415.4	1.0e-07
415.6	1.0e-07
415.8	1.0e-07
416.0	1.0e-07
416.2	1.0e-07
416.4	1.0e-07
416.6	1.0e-07
416.8	1.0e-07
417.0	1.0e-07
417.2	1.0e-07
417.4	1.0e-07
417.6	1.0e-07
417.8	1.0e-07
418.0	1.0e-07
418.2	1.0e-07
418.4	1.0e-07
418.6	1.0e-07
418.8	1.0e-07
419.0	1.0e-07
419.2	1.0e-07
419.4	1.0e-07
419.6	1.0e-07
419.8	1.0e-07
420.0	1.0e-07
420.2	1.0e-07
420.4	1.0e-07
420.6	1.0e-07
420.8	1.0e-07
421.0	1.0e-07
421.2	1.0e-07
421.4	1.0e-07
421.6	1.0e-07
421.8	1.0e-07
422.0	1.0e-07
422.2	1.0e-07
422.4	1.0e-07
422.6	1.0e-07
422.8	1.0e-07
423.0	1.0e-07
423.2	1.0e-07
423.4	1.0e-07
423.6	1.0e-07
423.8	1.0e-07
424.0	1.0e-07
424.2	1.0e-07
424.4	1.0e-07
424.6	1.0e-07
424.8	1.0e-07
425.0	1.0e-07
425.2	1.0e-07
425.4	1.0e-07
425.6	1.0e-07
425.8	1.0e-07
426.0	1.0e-07
426.2	1.0e-07
426.4	1.0e-07
426.6	1.0e-07
426.8	1.0e-07
427.0	1.0e-07
427.2	1.0e-07
427.4	1.0e-07
427.6	1.0e-07
427.8	1.0e-07
428.0	1.0e-07
428.2	1.0e-07
428.4	1.0e-07
428.6	1.0091e-07
428.8	1.0213e-07
429.0	1.0338e-07
429.2	1.0464e-07
429.4	1.0591e-07
429.6	1.072e-07
429.8	1.0851e-07
430.0	1.0983e-07
430.2	1.1117e-07
430.4	1.1252e-07
430.6	1.1389e-07
430.8	1.1528e-07
431.0	1.1668e-07
431.2	1.181e-07
431.4	1.1954e-07
431.6	1.21e-07
431.8	1.2247e-07
432.0	1.2396e-07
432.2	1.2547e-07
432.4	1.27e-07
432.6	1.2855e-07
432.8	1.3011e-07
433.0	1.317e-07
433.2	1.333e-07
433.4	1.3492e-07
433.6	1.3954e-07
433.8	1.4545e-07
434.0	1.516e-07
434.2	1.5802e-07
434.4	1.647e-07
434.6	1.7167e-07
434.8	1.7894e-07
435.0	1.8651e-07
435.2	1.944e-07
435.4	2.0262e-07
435.6	2.112e-07
435.8	2.2013e-07
436.0	2.2945e-07
436.2	2.3915e-07
436.4	2.4927e-07
436.6	2.5982e-07
436.8	2.7081e-07
437.0	2.8227e-07
437.2	2.9421e-07
437.4	3.0666e-07
437.6	3.1964e-07
437.8	3.3316e-07
438.0	3.4726e-07
438.2	3.6195e-07
438.4	3.7727e-07
438.6	3.575e-07
438.8	3.2704e-07
439.0	2.9917e-07
439.2	2.7368e-07
439.4	2.5036e-07
439.6	2.2903e-07
439.8	2.0952e-07
440.0	1.9166e-07
440.2	1.7533e-07
440.4	1.6039e-07
440.6	1.4673e-07
440.8	1.3423e-07
441.0	1.2279e-07
441.2	1.1233e-07
441.4	1.0276e-07
441.6	9.4001e-08
441.8	8.5992e-08
442.0	7.8665e-08
442.2	7.1962e-08
442.4	6.5831e-08
442.6	6.0222e-08
442.8	5.5091e-08
443.0	5.0397e-08
443.2	4.6103e-08
443.4	4.2175e-08
443.6	4.1937e-08
443.8	4.3007e-08
444.0	4.4105e-08
444.2	4.5231e-08
444.4	4.6385e-08
444.6	4.7569e-08
444.8	4.8783e-08
445.0	5.0028e-08
445.2	5.1305e-08
445.4	5.2614e-08
445.6	5.3957e-08
445.8	5.5334e-08
446.0	5.6746e-08
446.2	5.8194e-08
446.4	5.968e-08
446.6	6.1203e-08
446.8	6.2765e-08
447.0	6.4367e-08
447.2	6.6009e-08
447.4	6.7694e-08
447.6	6.9422e-08
447.8	7.1194e-08
448.0	7.3011e-08
448.2	7.4874e-08
448.4	7.6785e-08
448.6	7.7893e-08
448.8	7.8699e-08
449.0	7.9514e-08
449.2	8.0337e-08
449.4	8.1168e-08
449.6	8.2008e-08
449.8	8.2857e-08
450.0	8.3715e-08
450.2	8.4582e-08
450.4	8.5457e-08
450.6	8.6342e-08
450.8	8.7236e-08
451.0	8.8139e-08
451.2	8.9051e-08
451.4	8.9973e-08
451.6	9.0904e-08
451.8	9.1845e-08
452.0	9.2796e-08
452.2	9.3757e-08
452.4	9.4727e-08
452.6	9.5708e-08
452.8	9.6698e-08
453.0	9.7699e-08
453.2	9.8711e-08
453.4	9.9733e-08
453.6	1.0e-07
453.8	1.0e-07
454.0	1.0e-07
454.2	1.0e-07
454.4	1.0e-07
454.6	1.0e-07
454.8	1.0e-07
455.0	1.0e-07
455.2	1.0e-07
455.4	1.0e-07
455.6	1.0e-07
455.8	1.0e-07
456.0	1.0e-07
456.2	1.0e-07
456.4	1.0e-07
456.6	1.0e-07
456.8	1.0e-07
457.0	1.0e-07
457.2	1.0e-07
457.4	1.0e-07
457.6	1.0e-07
457.8	1.0e-07
458.0	1.0e-07
458.2	1.0e-07
458.4	1.0e-07
458.6	9.7962e-08
458.8	9.531e-08
459.0	9.2729e-08
459.2	9.0218e-08
459.4	8.7775e-08
459.6	8.5399e-08
459.8	8.3086e-08
460.0	8.0837e-08
460.2	7.8648e-08
460.4	7.6518e-08
460.6	7.4446e-08
460.8	7.2431e-08
461.0	7.0469e-08
461.2	6.8561e-08
461.4	6.6705e-08
461.6	6.4899e-08
461.8	6.3141e-08
462.0	6.1432e-08
462.2	5.9768e-08
462.4	5.815e-08
462.6	5.6576e-08
462.8	5.5044e-08
463.0	5.3553e-08
463.2	5.2103e-08
463.4	5.0692e-08
463.6	4.832e-08
463.8	4.5737e-08
464.0	4.3292e-08
464.2	4.0977e-08
464.4	3.8787e-08
464.6	3.6713e-08
464.8	3.4751e-08
465.0	3.2893e-08
465.2	3.1134e-08
465.4	2.947e-08
465.6	2.7895e-08
465.8	2.6403e-08
466.0	2.4992e-08
466.2	2.3656e-08
466.4	2.2391e-08
466.6	2.1194e-08
466.8	2.0061e-08
467.0	1.8989e-08
467.2	1.7974e-08
467.4	1.7013e-08
467.6	1.6103e-08
467.8	1.5242e-08
468.0	1.4428e-08
468.2	1.3656e-08
468.4	1.2926e-08
468.6	1.3837e-08
468.8	1.5449e-08
469.0	1.7249e-08
469.2	1.9258e-08
469.4	2.1502e-08
469.6	2.4007e-08
469.8	2.6804e-08
470.0	2.9926e-08
470.2	3.3413e-08
470.4	3.7305e-08
470.6	4.1651e-08
470.8	4.6503e-08
471.0	5.1921e-08
471.2	5.797e-08
471.4	6.4723e-08
471.6	7.2264e-08
471.8	8.0682e-08
472.0	9.0082e-08
472.2	1.0058e-07
472.4	1.1229e-07
472.6	1.2538e-07
472.8	1.3998e-07
473.0	1.5629e-07
473.2	1.745e-07
473.4	1.9483e-07
473.6	2.0741e-07
473.8	2.1714e-07
474.0	2.2733e-07
474.2	2.38e-07
474.4	2.4917e-07
474.6	2.6086e-07
474.8	2.7311e-07
475.0	2.8592e-07
475.2	2.9934e-07
475.4	3.1339e-07
475.6	3.281e-07
475.8	3.435e-07
476.0	3.5962e-07
476.2	3.7649e-07
476.4	3.9416e-07
476.6	4.1266e-07
476.8	4.3202e-07
477.0	4.523e-07
477.2	4.7353e-07
477.4	4.9575e-07
477.6	5.1901e-07
477.8	5.4337e-07
478.0	5.6887e-07
478.2	5.9557e-07
478.4	6.2352e-07
478.6	6.3848e-07
478.8	6.4859e-07
479.0	6.5887e-07
479.2	6.693e-07
479.4	6.7991e-07
479.6	6.9068e-07
479.8	7.0162e-07
480.0	7.1273e-07
480.2	7.2403e-07
480.4	7.355e-07
480.6	7.4715e-07
480.8	7.5899e-07
481.0	7.7101e-07
481.2	7.8322e-07
481.4	7.9563e-07
481.6	8.0824e-07
481.8	8.2104e-07
482.0	8.088e-07
482.2	5.4533e-07
482.4	3.6768e-07
482.6	2.4791e-07
482.8	1.6715e-07
483.0	1.127e-07
483.2	7.5987e-08
483.4	5.1234e-08
483.6	3.4544e-08
483.8	7.4205e-08
484.0	1.594e-07
484.2	2.1365e-07
484.4	1.7002e-07
484.6	1.3529e-07
484.8	1.0979e-07
485.0	1.3767e-07
485.2	2.5181e-07
485.4	4.5591e-07
485.6	3.0156e-07
485.8	1.9947e-07
486.0	1.7145e-07
486.2	1.9412e-07
486.4	2.4584e-07
486.6	3.1134e-07
486.8	2.1619e-07
487.0	8.3297e-08
487.2	3.2093e-08
487.4	1.2615e-07
487.6	2.1709e-07
487.8	1.6414e-07
488.0	1.2411e-07
488.2	1.5344e-07
488.4	1.9065e-07
488.6	2.2289e-07
488.8	2.433e-07
489.0	2.1599e-07
489.2	1.9174e-07
489.4	1.5761e-07
489.6	1.1921e-07
489.8	9.0159e-08
490.0	1.2428e-07
490.2	1.578e-07
490.4	1.796e-07
490.6	2.0442e-07
490.8	2.3431e-07
491.0	2.6863e-07
491.2	1.397e-07
491.4	2.9248e-08
491.6	5.4989e-08
491.8	1.0338e-07
492.0	1.5506e-07
492.2	1.8553e-07
492.4	2.2199e-07
492.6	2.5707e-07
492.8	2.4762e-07
493.0	2.0066e-07
493.2	1.6261e-07
493.4	1.973e-07
493.6	2.3989e-07
493.8	1.8042e-07
494.0	7.9091e-08
494.2	5.091e-08
494.4	3.277e-08
494.6	4.3279e-08
494.8	1.226e-07
495.0	3.4731e-07
495.2	4.8505e-07
495.4	5.6664e-07
495.6	5.6504e-07
495.8	5.6345e-07
496.0	5.0854e-07
496.2	4.5732e-07
496.4	4.3065e-07
496.6	4.3082e-07
496.8	4.9944e-07
497.0	5.79e-07
497.2	6.9525e-07
497.4	8.6533e-07
497.6	1.077e-06
497.8	1.2948e-06
498.0	1.6621e-06
498.2	2.2772e-06
498.4	3.1199e-06
498.6	5.7048e-06
498.8	1.0477e-05
499.0	5.5515e-05
499.2	3.0331e-04
499.4	5.5924e-04
499.6	8.8769e-04
499.8	0.00154
500.0	0.00368
500.2	0.01166
500.4	0.04505
500.6	0.15007
500.8	0.37744
501.0	0.60603
501.2	0.75577
501.4	0.85117
501.6	0.90632
501.8	0.92734
502.0	0.93882
502.2	0.94576
502.4	0.94964
502.6	0.95246
502.8	0.95467
503.0	0.95754
503.2	0.96025
503.4	0.96196
503.6	0.96101
503.8	0.95961
504.0	0.95919
504.2	0.96002
504.4	0.96227
504.6	0.96478
504.8	0.96607
505.0	0.9651
505.2	0.96349
505.4	0.96283
505.6	0.96365
505.8	0.96475
506.0	0.96672
506.2	0.96735
506.4	0.96624
506.6	0.96385
506.8	0.96202
507.0	0.96095
507.2	0.96109
507.4	0.96271
507.6	0.9638
507.8	0.96383
508.0	0.96405
508.2	0.9624
508.4	0.96125
508.6	0.96066
508.8	0.96114
509.0	0.96342
509.2	0.96662
509.4	0.96896
509.6	0.97132
509.8	0.97145
510.0	0.97129
510.2	0.97111
510.4	0.97018
510.6	0.96916
510.8	0.9699
511.0	0.97015
511.2	0.97045
511.4	0.96934
511.6	0.96774
511.8	0.96742
512.0	0.96659
512.2	0.96669
512.4	0.9667
512.6	0.96735
512.8	0.96737
513.0	0.96786
513.2	0.96699
513.4	0.96569
513.6	0.96393
513.8	0.96326
514.0	0.96371
514.2	0.9644
514.4	0.96614
514.6	0.96807
514.8	0.97021
515.0	0.97235
515.2	0.97308
515.4	0.97311
515.6	0.97235
515.8	0.97138
516.0	0.97015
516.2	0.97079
516.4	0.97139
516.6	0.9723
516.8	0.97409
517.0	0.9743
517.2	0.97423
517.4	0.97356
517.6	0.97208
517.8	0.97071
518.0	0.96964
518.2	0.96943
518.4	0.96993
518.6	0.9711
518.8	0.97153
519.0	0.97151
519.2	0.97097
519.4	0.96969
519.6	0.96859
519.8	0.96786
520.0	0.96733
520.2	0.96848
520.4	0.96979
520.6	0.97211
520.8	0.97388
521.0	0.97544
521.2	0.97625
521.4	0.97549
521.6	0.97449
521.8	0.97344
522.0	0.97342
522.2	0.97306
522.4	0.97303
522.6	0.97424
522.8	0.97378
523.0	0.9727
523.2	0.97038
523.4	0.96897
523.6	0.96747
523.8	0.9669
524.0	0.96738
524.2	0.96783
524.4	0.96845
524.6	0.9673
524.8	0.96443
525.0	0.96042
525.2	0.95625
525.4	0.95346
525.6	0.95248
525.8	0.95356
526.0	0.95619
526.2	0.95849
526.4	0.95986
526.6	0.96022
526.8	0.95849
527.0	0.94665
527.2	0.9118
527.4	0.84551
527.6	0.75873
527.8	0.69159
528.0	0.63856
528.2	0.57792
528.4	0.38177
528.6	0.15458
528.8	0.04749
529.0	0.01577
529.2	0.00511
529.4	0.00202
529.6	8.717e-04
529.8	4.0281e-04
530.0	1.9426e-04
530.2	1.1131e-04
530.4	6.1623e-05
530.6	3.4088e-05
530.8	1.9038e-05
531.0	1.0633e-05
531.2	6.5668e-06
531.4	4.0638e-06
531.6	2.7106e-06
531.8	1.9668e-06
532.0	1.2942e-06
532.2	8.5156e-07
532.4	6.3325e-07
532.6	5.3089e-07
532.8	4.4508e-07
533.0	3.3843e-07
533.2	3.0494e-07
533.4	3.248e-07
533.6	3.4595e-07
533.8	2.4633e-07
534.0	1.7469e-07
534.2	1.705e-07
534.4	2.3689e-07
534.6	2.3286e-07
534.8	2.2728e-07
535.0	2.3112e-07
535.2	2.4637e-07
535.4	2.6262e-07
535.6	1.8828e-07
535.8	1.6027e-07
536.0	1.6506e-07
536.2	1.6998e-07
536.4	1.6439e-07
536.6	1.5883e-07
536.8	1.5988e-07
537.0	1.6846e-07
537.2	1.7288e-07
537.4	1.7742e-07
537.6	1.6775e-07
537.8	1.4637e-07
538.0	1.2772e-07
538.2	1.4365e-07
538.4	1.4718e-07
538.6	1.3648e-07
538.8	1.2655e-07
539.0	1.5498e-07
539.2	1.9087e-07
539.4	1.7991e-07
539.6	1.2525e-07
539.8	1.2004e-07
540.0	1.1504e-07
540.2	1.1721e-07
540.4	1.2697e-07
540.6	1.3753e-07
540.8	2.8405e-08
541.0	1.5443e-08
541.2	2.3884e-08
541.4	3.694e-08
541.6	6.5874e-08
541.8	1.179e-07
542.0	1.4367e-07
542.2	1.1166e-07
542.4	1.2054e-07
542.6	1.3012e-07
542.8	1.3516e-07
543.0	1.349e-07
543.2	1.3464e-07
543.4	6.8057e-08
543.6	6.1296e-08
543.8	9.458e-08
544.0	1.449e-07
544.2	1.0983e-07
544.4	8.324e-08
544.6	6.818e-08
544.8	6.0352e-08
545.0	6.0203e-08
545.2	6.0092e-08
545.4	5.036e-08
545.6	3.4924e-08
545.8	2.4219e-08
546.0	6.0183e-08
546.2	8.7106e-08
546.4	7.2213e-08
546.6	5.9866e-08
546.8	8.4639e-08
547.0	1.1998e-07
547.2	1.4737e-07
547.4	1.5545e-07
547.6	1.0676e-07
547.8	7.2843e-08
548.0	7.0017e-08
548.2	9.905e-08
548.4	1.4012e-07
548.6	1.922e-07
548.8	2.2475e-07
549.0	2.2433e-07
549.2	2.2391e-07
549.4	2.6399e-07
549.6	3.1203e-07
549.8	3.0672e-07
550.0	2.4804e-07
550.2	3.5274e-07
550.4	5.0163e-07
550.6	6.4004e-07
550.8	7.3428e-07
551.0	8.424e-07
551.2	9.9184e-07
551.4	1.2685e-06
551.6	1.7709e-06
551.8	2.4724e-06
552.0	3.6322e-06
552.2	5.3431e-06
552.4	7.9472e-06
552.6	1.1974e-05
552.8	1.8592e-05
553.0	2.8868e-05
553.2	4.5376e-05
553.4	7.2218e-05
553.6	1.1494e-04
553.8	1.9836e-04
554.0	3.163e-04
554.2	5.2389e-04
554.4	9.0516e-04
554.6	0.0016
554.8	0.00291
555.0	0.00541
555.2	0.01072
555.4	0.02023
555.6	0.03906
555.8	0.07647
556.0	0.14799
556.2	0.27034
556.4	0.44547
556.6	0.62354
556.8	0.75311
557.0	0.81878
557.2	0.84185
557.4	0.85114
557.6	0.86006
557.8	0.87419
558.0	0.89128
558.2	0.90951
558.4	0.92588
558.6	0.94071
558.8	0.9512
559.0	0.9593
559.2	0.96419
559.4	0.96834
559.6	0.97052
559.8	0.97337
560.0	0.97513
560.2	0.97787
560.4	0.97969
560.6	0.98011
560.8	0.981
561.0	0.98224
561.2	0.98276
561.4	0.98361
561.6	0.98353
561.8	0.98408
562.0	0.98363
562.2	0.9838
562.4	0.98277
562.6	0.98152
562.8	0.97956
563.0	0.97816
563.2	0.97545
563.4	0.97365
563.6	0.97149
563.8	0.97064
564.0	0.96913
564.2	0.9697
564.4	0.97049
564.6	0.972
564.8	0.97432
565.0	0.97637
565.2	0.97901
565.4	0.98043
565.6	0.98236
565.8	0.98314
566.0	0.98297
566.2	0.98269
566.4	0.98155
566.6	0.9804
566.8	0.97902
567.0	0.97778
567.2	0.97637
567.4	0.97487
567.6	0.97368
567.8	0.97318
568.0	0.97293
568.2	0.97293
568.4	0.97308
568.6	0.97345
568.8	0.97354
569.0	0.9757
569.2	0.97619
569.4	0.97741
569.6	0.97866
569.8	0.98025
570.0	0.98129
570.2	0.98296
570.4	0.98438
570.6	0.98579
570.8	0.98647
571.0	0.9865
571.2	0.98708
571.4	0.98681
571.6	0.98635
571.8	0.98488
572.0	0.98442
572.2	0.98367
572.4	0.98266
572.6	0.98168
572.8	0.98136
573.0	0.98093
573.2	0.98096
573.4	0.98049
573.6	0.98118
573.8	0.98147
574.0	0.98238
574.2	0.98271
574.4	0.98332
574.6	0.98375
574.8	0.9841
575.0	0.98455
575.2	0.98438
575.4	0.98444
575.6	0.9842
575.8	0.98519
576.0	0.98512
576.2	0.98583
576.4	0.98616
576.6	0.98659
576.8	0.98714
577.0	0.98764
577.2	0.98777
577.4	0.98739
577.6	0.98738
577.8	0.98672
578.0	0.98477
578.2	0.98355
578.4	0.98201
578.6	0.97949
578.8	0.97782
579.0	0.97552
579.2	0.97433
579.4	0.97301
579.6	0.97298
579.8	0.9723
580.0	0.97341
580.2	0.9732
580.4	0.9756
580.6	0.97714
580.8	0.97902
581.0	0.98102
581.2	0.98232
581.4	0.98385
581.6	0.985
581.8	0.9851
582.0	0.98435
582.2	0.98342
582.4	0.98238
582.6	0.98018
582.8	0.97948
583.0	0.97813
583.2	0.97661
583.4	0.97545
583.6	0.97592
583.8	0.97614
584.0	0.97734
584.2	0.97779
584.4	0.97961
584.6	0.98182
584.8	0.98315
585.0	0.98522
585.2	0.98635
585.4	0.98783
585.6	0.9882
585.8	0.98748
586.0	0.98725
586.2	0.98645
586.4	0.98509
586.6	0.98402
586.8	0.98254
587.0	0.98072
587.2	0.97989
587.4	0.97915
587.6	0.97891
587.8	0.97949
588.0	0.97929
588.2	0.98073
588.4	0.9815
588.6	0.98264
588.8	0.98364
589.0	0.98497
589.2	0.98467
589.4	0.98474
589.6	0.98475
589.8	0.98281
590.0	0.98193
590.2	0.97999
590.4	0.97787
590.6	0.97617
590.8	0.97476
591.0	0.97321
591.2	0.97269
591.4	0.97172
591.6	0.972
591.8	0.97229
592.0	0.97339
592.2	0.9747
592.4	0.97621
592.6	0.97801
592.8	0.97897
593.0	0.98097
593.2	0.98184
593.4	0.9829
593.6	0.98415
593.8	0.98448
594.0	0.98418
594.2	0.98417
594.4	0.98361
594.6	0.9833
594.8	0.98265
595.0	0.98188
595.2	0.98195
595.4	0.98167
595.6	0.98172
595.8	0.98252
596.0	0.98253
596.2	0.98322
596.4	0.98366
596.6	0.9837
596.8	0.98491
597.0	0.98471
597.2	0.985
597.4	0.98518
597.6	0.98564
597.8	0.98491
598.0	0.98386
598.2	0.98351
598.4	0.9838
598.6	0.98403
598.8	0.98347
599.0	0.98287
599.2	0.98421
599.4	0.98393
599.6	0.98487
599.8	0.98519
600.0	0.98578
600.2	0.98605
600.4	0.98618
600.6	0.98555
600.8	0.98537
601.0	0.98496
601.2	0.9841
601.4	0.98298
601.6	0.98177
601.8	0.98021
602.0	0.97938
602.2	0.9775
602.4	0.97684
602.6	0.9757
602.8	0.97515
603.0	0.97599
603.2	0.97572
603.4	0.97626
603.6	0.97728
603.8	0.97848
604.0	0.97965
604.2	0.97986
604.4	0.98136
604.6	0.98311
604.8	0.98306
605.0	0.98426
605.2	0.98424
605.4	0.98493
605.6	0.98469
605.8	0.9849
606.0	0.98421
606.2	0.98323
606.4	0.98292
606.6	0.98264
606.8	0.98132
607.0	0.98101
607.2	0.97974
607.4	0.97916
607.6	0.97837
607.8	0.97844
608.0	0.97722
608.2	0.97581
608.4	0.97585
608.6	0.97628
608.8	0.97614
609.0	0.97699
609.2	0.97843
609.4	0.97942
609.6	0.9799
609.8	0.98121
610.0	0.98133
610.2	0.98205
610.4	0.98159
610.6	0.98177
610.8	0.98095
611.0	0.98009
611.2	0.97926
611.4	0.97906
611.6	0.9786
611.8	0.97842
612.0	0.97828
612.2	0.97818
612.4	0.97759
612.6	0.97683
612.8	0.97646
613.0	0.97484
613.2	0.97275
613.4	0.97054
613.6	0.96823
613.8	0.96613
614.0	0.96474
614.2	0.96397
614.4	0.96261
614.6	0.96088
614.8	0.95568
615.0	0.94546
615.2	0.92736
615.4	0.90079
615.6	0.86714
615.8	0.83089
616.0	0.79848
616.2	0.77741
616.4	0.77317
616.6	0.78523
616.8	0.78861
617.0	0.71362
617.2	0.52062
617.4	0.30056
617.6	0.12406
617.8	0.06008
618.0	0.03019
618.2	0.01591
618.4	0.00881
618.6	0.00508
618.8	0.00294
619.0	0.00185
619.2	0.00115
619.4	7.2731e-04
619.6	4.7228e-04
619.8	3.1497e-04
620.0	2.1341e-04
620.2	9.8335e-05
620.4	8.3503e-05
620.6	7.0908e-05
620.8	5.6017e-05
621.0	4.117e-05
621.2	3.0258e-05
621.4	1.5547e-05
621.6	1.045e-05
621.8	9.4529e-06
622.0	8.5511e-06
622.2	6.734e-06
622.4	5.2803e-06
622.6	3.6276e-06
622.8	2.1469e-06
623.0	1.971e-06
623.2	1.8176e-06
623.4	1.6089e-06
623.6	1.3648e-06
623.8	1.1577e-06
624.0	7.5678e-07
624.2	5.9855e-07
624.4	5.7209e-07
624.6	5.4679e-07
624.8	5.0555e-07
625.0	4.6742e-07
625.2	4.0452e-07
625.4	3.2768e-07
625.6	3.0311e-07
625.8	2.8133e-07
626.0	2.6428e-07
626.2	2.5157e-07
626.4	2.3947e-07
626.6	2.3591e-07
626.8	2.3275e-07
627.0	2.2978e-07
627.2	2.2685e-07
627.4	2.0257e-07
627.6	1.8071e-07
627.8	1.4701e-07
628.0	1.0887e-07
628.2	1.1808e-07
628.4	1.2807e-07
628.6	1.4162e-07
628.8	1.596e-07
629.0	1.7933e-07
629.2	1.1092e-07
629.4	9.9608e-08
629.6	1.3506e-07
629.8	1.8313e-07
630.0	1.6963e-07
630.2	1.556e-07
630.4	1.2993e-07
630.6	9.7779e-08
630.8	1.1058e-07
631.0	1.2583e-07
631.2	1.4235e-07
631.4	1.6006e-07
631.6	1.7996e-07
631.8	1.1894e-07
632.0	9.9955e-08
632.2	1.0685e-07
632.4	1.1422e-07
632.6	1.2169e-07
632.8	1.2966e-07
633.0	1.3215e-07
633.2	1.0473e-07
633.4	8.2465e-08
633.6	8.1564e-08
633.8	1.0432e-07
634.0	1.3344e-07
634.2	1.5475e-07
634.4	1.7893e-07
634.6	2.0688e-07
634.8	2.392e-07
635.0	2.7657e-07
635.2	3.1978e-07
635.4	3.6974e-07
635.6	4.1374e-07
635.8	4.1362e-07
636.0	4.135e-07
636.2	4.1338e-07
636.4	4.1326e-07
636.6	4.1314e-07
636.8	4.1303e-07
637.0	4.1291e-07
637.2	4.1279e-07
637.4	4.1267e-07
637.6	4.1255e-07
637.8	4.1243e-07
638.0	4.1231e-07
638.2	4.122e-07
638.4	4.1208e-07
638.6	4.1196e-07
638.8	4.1184e-07
639.0	4.1172e-07
639.2	4.116e-07
639.4	4.1149e-07
639.6	4.1137e-07
639.8	4.1125e-07
640.0	4.1045e-07
640.2	4.0964e-07
640.4	4.0884e-07
640.6	4.0803e-07
640.8	4.0723e-07
641.0	4.0643e-07
641.2	4.0563e-07
641.4	4.0483e-07
641.6	4.0404e-07
641.8	4.0324e-07
642.0	4.0245e-07
642.2	4.0166e-07
642.4	4.0087e-07
642.6	4.0008e-07
642.8	3.993e-07
643.0	3.9851e-07
643.2	3.9773e-07
643.4	3.9694e-07
643.6	3.9616e-07
643.8	3.9539e-07
644.0	3.9461e-07
644.2	3.3956e-07
644.4	2.7847e-07
644.6	2.2837e-07
644.8	1.8728e-07
645.0	1.5358e-07
645.2	1.2595e-07
645.4	1.0329e-07
645.6	8.4707e-08
645.8	9.7199e-08
646.0	1.127e-07
646.2	1.1564e-07
646.4	1.0366e-07
646.6	9.2926e-08
646.8	1.1267e-07
647.0	1.239e-07
647.2	1.2288e-07
647.4	1.2213e-07
647.6	1.5022e-07
647.8	1.8476e-07
648.0	1.6166e-07
648.2	1.0264e-07
648.4	1.057e-07
648.6	1.0912e-07
648.8	1.2248e-07
649.0	1.4948e-07
649.2	1.821e-07
649.4	1.5476e-07
649.6	1.4543e-07
649.8	1.5205e-07
650.0	1.5898e-07
650.2	1.6708e-07
650.4	1.756e-07
650.6	1.6991e-07
650.8	1.5111e-07
651.0	1.4138e-07
651.2	1.3245e-07
651.4	1.4544e-07
651.6	1.8967e-07
651.8	2.4736e-07
652.0	2.4971e-07
652.2	2.66e-07
652.4	3.0278e-07
652.6	3.4465e-07
652.8	3.2319e-07
653.0	3.0126e-07
653.2	3.3406e-07
653.4	4.4882e-07
653.6	5.2327e-07
653.8	6.0648e-07
654.0	7.0647e-07
654.2	8.2772e-07
654.4	9.6979e-07
654.6	9.9752e-07
654.8	1.17e-06
655.0	1.5753e-06
655.2	2.1211e-06
655.4	2.5446e-06
655.6	3.0526e-06
655.8	3.5772e-06
656.0	4.0968e-06
656.2	5.3516e-06
656.4	7.0096e-06
656.6	9.0897e-06
656.8	1.1663e-05
657.0	1.4964e-05
657.2	1.8445e-05
657.4	2.3827e-05
657.6	3.2465e-05
657.8	4.4233e-05
658.0	5.9538e-05
658.2	8.0114e-05
658.4	9.8064e-05
658.6	1.4702e-04
658.8	2.0472e-04
659.0	2.858e-04
659.2	3.9747e-04
659.4	5.6333e-04
659.6	8.099e-04
659.8	0.00122
660.0	0.00177
660.2	0.00261
660.4	0.00394
660.6	0.00604
660.8	0.00942
661.0	0.01498
661.2	0.02225
661.4	0.03613
661.6	0.05998
661.8	0.10011
662.0	0.16578
662.2	0.26711
662.4	0.40468
662.6	0.55439
662.8	0.68672
663.0	0.78211
663.2	0.83791
663.4	0.86926
663.6	0.88766
663.8	0.90041
664.0	0.90999
664.2	0.91854
664.4	0.92561
664.6	0.93095
664.8	0.93635
665.0	0.93995
665.2	0.94321
665.4	0.94706
665.6	0.95006
665.8	0.95346
666.0	0.95723
666.2	0.96016
666.4	0.96388
666.6	0.96692
666.8	0.97016
667.0	0.97229
667.2	0.97414
667.4	0.97519
667.6	0.97695
667.8	0.97774
668.0	0.97822
668.2	0.97925
668.4	0.98055
668.6	0.98103
668.8	0.98227
669.0	0.98254
669.2	0.98366
669.4	0.98436
669.6	0.98499
669.8	0.98573
670.0	0.98601
670.2	0.98554
670.4	0.98514
670.6	0.98529
670.8	0.98507
671.0	0.98476
671.2	0.98379
671.4	0.98349
671.6	0.98345
671.8	0.98342
672.0	0.98363
672.2	0.98382
672.4	0.98461
672.6	0.98492
672.8	0.98541
673.0	0.98684
673.2	0.98784
673.4	0.98732
673.6	0.98609
673.8	0.98514
674.0	0.98397
674.2	0.98262
674.4	0.98082
674.6	0.97872
674.8	0.97758
675.0	0.97598
675.2	0.97424
675.4	0.97328
675.6	0.97275
675.8	0.97249
676.0	0.97282
676.2	0.97331
676.4	0.97419
676.6	0.97549
676.8	0.97727
677.0	0.97944
677.2	0.98167
677.4	0.9838
677.6	0.98603
677.8	0.98771
678.0	0.98903
678.2	0.99031
678.4	0.99141
678.6	0.99154
678.8	0.99185
679.0	0.99139
679.2	0.9904
679.4	0.9892
679.6	0.98783
679.8	0.98619
680.0	0.98411
680.2	0.9823
680.4	0.98068
680.6	0.97976
680.8	0.97827
681.0	0.97743
681.2	0.97648
681.4	0.97644
681.6	0.97684
681.8	0.9775
682.0	0.97797
682.2	0.97906
682.4	0.98071
682.6	0.98215
682.8	0.9832
683.0	0.9849
683.2	0.98646
683.4	0.98804
683.6	0.98849
683.8	0.98991
684.0	0.99018
684.2	0.99053
684.4	0.99061
684.6	0.99038
684.8	0.9902
685.0	0.98938
685.2	0.98867
685.4	0.98822
685.6	0.98716
685.8	0.98649
686.0	0.98517
686.2	0.98466
686.4	0.98475
686.6	0.98381
686.8	0.98338
687.0	0.98401
687.2	0.98439
687.4	0.98471
687.6	0.98543
687.8	0.98603
688.0	0.98647
688.2	0.98725
688.4	0.9878
688.6	0.98797
688.8	0.98833
689.0	0.98882
689.2	0.98911
689.4	0.98895
689.6	0.98865
689.8	0.98811
690.0	0.98788
690.2	0.9868
690.4	0.98649
690.6	0.9856
690.8	0.98484
691.0	0.98419
691.2	0.98326
691.4	0.98261
691.6	0.98164
691.8	0.98179
692.0	0.98146
692.2	0.98176
692.4	0.98186
692.6	0.98265
692.8	0.98295
693.0	0.9834
693.2	0.98448
693.4	0.98496
693.6	0.98572
693.8	0.98724
694.0	0.98803
694.2	0.9886
694.4	0.98963
694.6	0.99055
694.8	0.99123
695.0	0.99126
695.2	0.99146
695.4	0.99146
695.6	0.99081
695.8	0.9906
696.0	0.98983
696.2	0.98948
696.4	0.98804
696.6	0.98736
696.8	0.9863
697.0	0.98559
697.2	0.98481
697.4	0.9842
697.6	0.98359
697.8	0.98324
698.0	0.9823
698.2	0.98261
698.4	0.98259
698.6	0.98256
698.8	0.98336
699.0	0.98346
699.2	0.98458
699.4	0.98473
699.6	0.98498
699.8	0.986
700.0	0.9868
700.2	0.98698
700.4	0.98787
700.6	0.988
700.8	0.9881
701.0	0.98847
701.2	0.98819
701.4	0.98817
701.6	0.98766
701.8	0.98729
702.0	0.98707
702.2	0.98603
702.4	0.98511
702.6	0.9843
702.8	0.9833
703.0	0.98236
703.2	0.98119
703.4	0.98056
703.6	0.98024
703.8	0.97923
704.0	0.97842
704.2	0.97851
704.4	0.97852
704.6	0.97853
704.8	0.97862
705.0	0.97877
705.2	0.97942
705.4	0.97975
705.6	0.98041
705.8	0.98139
706.0	0.98253
706.2	0.98321
706.4	0.98321
706.6	0.98406
706.8	0.98464
707.0	0.98592
707.2	0.98654
707.4	0.98726
707.6	0.9872
707.8	0.98794
708.0	0.98831
708.2	0.98866
708.4	0.98853
708.6	0.98834
708.8	0.98823
709.0	0.98814
709.2	0.98816
709.4	0.988
709.6	0.98774
709.8	0.9876
710.0	0.98744
710.2	0.98693
710.4	0.98659
710.6	0.98698
710.8	0.98711
711.0	0.98734
711.2	0.98692
711.4	0.9874
711.6	0.9873
711.8	0.98782
712.0	0.98784
712.2	0.98819
712.4	0.98815
712.6	0.98833
712.8	0.9887
713.0	0.98882
713.2	0.98968
713.4	0.98982
713.6	0.98993
713.8	0.98934
714.0	0.98944
714.2	0.98965
714.4	0.98945
714.6	0.98911
714.8	0.98887
715.0	0.98866
715.2	0.98889
715.4	0.98886
715.6	0.98893
715.8	0.98873
716.0	0.98879
716.2	0.98952
716.4	0.98903
716.6	0.98911
716.8	0.98957
717.0	0.9898
717.2	0.9905
717.4	0.99082
717.6	0.99088
717.8	0.99128
718.0	0.99186
718.2	0.99173
718.4	0.9922
718.6	0.99179
718.8	0.99283
719.0	0.99237
719.2	0.99263
719.4	0.99332
719.6	0.99306
719.8	0.99269
720.0	0.99197
720.2	0.99215
720.4	0.99102
720.6	0.99141
720.8	0.99097
721.0	0.99029
721.2	0.98987
721.4	0.98881
721.6	0.98866
721.8	0.98797
722.0	0.98782
722.2	0.98748
722.4	0.98736
722.6	0.9873
722.8	0.98697
723.0	0.98672
723.2	0.98683
723.4	0.98676
723.6	0.98704
723.8	0.98751
724.0	0.98772
724.2	0.98795
724.4	0.98864
724.6	0.98903
724.8	0.98922
725.0	0.99013
725.2	0.98997
725.4	0.99043
725.6	0.99091
725.8	0.99159
726.0	0.99184
726.2	0.99158
726.4	0.99211
726.6	0.99217
726.8	0.99128
727.0	0.99108
727.2	0.99055
727.4	0.99017
727.6	0.99001
727.8	0.98948
728.0	0.98899
728.2	0.98871
728.4	0.98801
728.6	0.9876
728.8	0.98753
729.0	0.98785
729.2	0.9871
729.4	0.98745
729.6	0.98734
729.8	0.98696
730.0	0.9869
730.2	0.98651
730.4	0.9868
730.6	0.98582
730.8	0.98587
731.0	0.98486
731.2	0.98457
731.4	0.98352
731.6	0.98272
731.8	0.98108
732.0	0.97995
732.2	0.97851
732.4	0.97756
732.6	0.97634
732.8	0.97511
733.0	0.97501
733.2	0.97401
733.4	0.97372
733.6	0.97418
733.8	0.97486
734.0	0.97571
734.2	0.97692
734.4	0.97828
734.6	0.97902
734.8	0.98083
735.0	0.98155
735.2	0.98241
735.4	0.98281
735.6	0.98194
735.8	0.98089
736.0	0.97956
736.2	0.97817
736.4	0.97685
736.6	0.97614
736.8	0.97633
737.0	0.97741
737.2	0.97787
737.4	0.97595
737.6	0.96689
737.8	0.94286
738.0	0.88891
738.2	0.79568
738.4	0.67618
738.6	0.53825
738.8	0.40504
739.0	0.26757
739.2	0.18509
739.4	0.1264
739.6	0.08659
739.8	0.05955
740.0	0.0414
740.2	0.029
740.4	0.02125
740.6	0.01506
740.8	0.01089
741.0	0.0079
741.2	0.00578
741.4	0.00431
741.6	0.00319
741.8	0.00239
742.0	0.0018
742.2	0.00138
742.4	0.00105
742.6	8.098e-04
742.8	6.2626e-04
743.0	4.9098e-04
743.2	3.8368e-04
743.4	3.0034e-04
743.6	2.3779e-04
743.8	1.8982e-04
744.0	1.5131e-04
744.2	1.2087e-04
744.4	9.6271e-05
744.6	7.8558e-05
744.8	6.373e-05
745.0	5.1467e-05
745.2	4.1862e-05
745.4	3.4516e-05
745.6	2.7297e-05
745.8	2.2487e-05
746.0	1.8552e-05
746.2	1.4931e-05
746.4	1.2351e-05
746.6	1.0393e-05
746.8	8.96e-06
747.0	7.5103e-06
747.2	6.1477e-06
747.4	4.8835e-06
747.6	3.9869e-06
747.8	3.5111e-06
748.0	3.2478e-06
748.2	2.4947e-06
748.4	2.1256e-06
748.6	1.7094e-06
748.8	1.5614e-06
749.0	1.1653e-06
749.2	1.1611e-06
749.4	9.9396e-07
749.6	7.5261e-07
749.8	7.2434e-07
750.0	6.394e-07
750.2	5.2933e-07
750.4	3.8894e-07
750.6	1.2091e-07
750.8	5.0064e-07
751.0	5.1563e-07
751.2	5.0233e-07
751.4	3.9281e-07
751.6	2.5697e-07
751.8	2.1765e-07
752.0	1.4133e-07
752.2	2.0611e-07
752.4	1.1345e-07
752.6	4.8668e-08
752.8	4.8019e-08
753.0	1.908e-07
753.2	4.0235e-08
753.4	4.5336e-08
753.6	3.1848e-08
753.8	1.1704e-07
754.0	4.4682e-08
754.2	8.0658e-08
754.4	2.2632e-07
754.6	2.3595e-07
754.8	2.4599e-07
755.0	2.5646e-07
755.2	2.6737e-07
755.4	2.7875e-07
755.6	2.9061e-07
755.8	3.0155e-07
756.0	2.9734e-07
756.2	2.9319e-07
756.4	2.891e-07
756.6	2.8507e-07
756.8	2.811e-07
757.0	2.7717e-07
757.2	2.7331e-07
757.4	2.6949e-07
757.6	2.6574e-07
757.8	2.6203e-07
758.0	2.5837e-07
758.2	2.5477e-07
758.4	2.5121e-07
758.6	2.4771e-07
758.8	2.4425e-07
759.0	2.4085e-07
759.2	2.3749e-07
759.4	2.346e-07
759.6	2.3189e-07
759.8	2.2922e-07
760.0	2.2658e-07
760.2	2.2397e-07
760.4	2.2139e-07
760.6	2.1884e-07
760.8	2.1632e-07
761.0	2.1383e-07
761.2	2.1136e-07
761.4	2.0893e-07
761.6	2.0652e-07
761.8	2.0414e-07
762.0	2.0179e-07
762.2	1.9946e-07
762.4	1.9717e-07
762.6	1.9489e-07
762.8	1.9265e-07
763.0	1.9043e-07
763.2	1.8824e-07
763.4	1.8607e-07
763.6	1.8392e-07
763.8	1.818e-07
764.0	1.7971e-07
764.2	1.7804e-07
764.4	1.7771e-07
764.6	1.7738e-07
764.8	1.7705e-07
765.0	1.7672e-07
765.2	1.7639e-07
765.4	1.7606e-07
765.6	1.7574e-07
765.8	1.7541e-07
766.0	1.7509e-07
766.2	1.7476e-07
766.4	1.7444e-07
766.6	1.7411e-07
766.8	1.7379e-07
767.0	1.7347e-07
767.2	1.7315e-07
767.4	1.7282e-07
767.6	1.725e-07
767.8	1.7218e-07
768.0	1.7186e-07
768.2	1.7155e-07
768.4	1.7123e-07
768.6	1.7091e-07
768.8	1.7059e-07
769.0	1.7028e-07
769.2	1.7065e-07
769.4	1.7129e-07
769.6	1.7193e-07
769.8	1.7257e-07
770.0	1.7322e-07
770.2	1.7386e-07
770.4	1.7451e-07
770.6	1.7516e-07
770.8	1.7582e-07
771.0	1.7648e-07
771.2	1.7713e-07
771.4	1.778e-07
771.6	1.7846e-07
771.8	1.7913e-07
772.0	1.798e-07
772.2	1.8047e-07
772.4	1.8114e-07
772.6	1.8182e-07
772.8	1.825e-07
773.0	1.8318e-07
773.2	1.8386e-07
773.4	1.8455e-07
773.6	1.8524e-07
773.8	1.8593e-07
774.0	1.8513e-07
774.2	1.7971e-07
774.4	1.7445e-07
774.6	1.6934e-07
774.8	1.6439e-07
775.0	1.5957e-07
775.2	1.549e-07
775.4	1.5037e-07
775.6	1.4596e-07
775.8	1.4169e-07
776.0	1.3754e-07
776.2	1.3352e-07
776.4	1.2961e-07
776.6	1.2581e-07
776.8	1.2213e-07
777.0	1.1856e-07
777.2	1.1508e-07
777.4	1.1172e-07
777.6	1.0844e-07
777.8	1.0527e-07
778.0	1.0219e-07
778.2	9.9197e-08
778.4	9.6293e-08
778.6	9.3474e-08
778.8	9.0737e-08
779.0	9.1756e-08
779.2	9.4058e-08
779.4	9.6419e-08
779.6	9.8838e-08
779.8	1.0132e-07
780.0	1.0386e-07
780.2	1.0647e-07
780.4	1.0914e-07
780.6	1.1188e-07
780.8	1.1469e-07
781.0	1.1756e-07
781.2	1.2051e-07
781.4	1.2354e-07
781.6	1.2664e-07
781.8	1.2982e-07
782.0	1.3307e-07
782.2	1.3641e-07
782.4	1.3984e-07
782.6	1.4335e-07
782.8	1.4694e-07
783.0	1.5063e-07
783.2	1.5441e-07
783.4	1.5829e-07
783.6	1.6226e-07
783.8	1.653e-07
784.0	1.6519e-07
784.2	1.6508e-07
784.4	1.6497e-07
784.6	1.6486e-07
784.8	1.6475e-07
785.0	1.6464e-07
785.2	1.6453e-07
785.4	1.6442e-07
785.6	1.6431e-07
785.8	1.642e-07
786.0	1.6409e-07
786.2	1.6399e-07
786.4	1.6388e-07
786.6	1.6377e-07
786.8	1.6366e-07
787.0	1.6355e-07
787.2	1.6344e-07
787.4	1.6333e-07
787.6	1.6323e-07
787.8	1.6184e-07
788.0	1.6031e-07
788.2	1.588e-07
788.4	1.573e-07
788.6	1.5582e-07
788.8	1.5435e-07
789.0	1.5289e-07
789.2	1.5145e-07
789.4	1.5002e-07
789.6	1.4861e-07
789.8	1.4721e-07
790.0	1.4582e-07
790.2	1.4445e-07
790.4	1.4308e-07
790.6	1.4173e-07
790.8	1.404e-07
791.0	1.3907e-07
791.2	1.4241e-07
791.4	1.4924e-07
791.6	1.564e-07
791.8	1.6389e-07
792.0	1.7175e-07
792.2	1.7998e-07
792.4	1.8861e-07
792.6	1.9765e-07
792.8	2.0712e-07
793.0	2.1705e-07
793.2	2.2746e-07
793.4	2.3836e-07
793.6	2.4371e-07
793.8	2.4133e-07
794.0	2.3898e-07
794.2	2.3665e-07
794.4	2.3434e-07
794.6	2.3205e-07
794.8	2.2979e-07
795.0	2.2755e-07
795.2	2.2533e-07
795.4	2.2314e-07
795.6	2.2096e-07
795.8	2.188e-07
796.0	2.1667e-07
796.2	2.1456e-07
796.4	2.1247e-07
796.6	2.0933e-07
796.8	2.0602e-07
797.0	2.0276e-07
797.2	1.9955e-07
797.4	1.964e-07
797.6	1.9329e-07
797.8	1.9023e-07
798.0	1.8723e-07
798.2	1.8427e-07
798.4	1.8135e-07
798.6	1.7848e-07
798.8	1.7566e-07
799.0	1.7288e-07
799.2	1.7015e-07
799.4	1.6746e-07
799.6	1.6481e-07
799.8	1.6221e-07
800.0	1.6162e-07
800.2	1.6288e-07
800.4	1.6415e-07
800.6	1.6544e-07
800.8	1.6673e-07
801.0	1.6803e-07
801.2	1.6934e-07
801.4	1.7066e-07
801.6	1.7199e-07
801.8	1.7334e-07
802.0	1.7469e-07
802.2	1.7605e-07
802.4	1.7743e-07
802.6	1.7881e-07
802.8	1.8021e-07
803.0	1.8161e-07
803.2	1.8303e-07
803.4	1.8446e-07
803.6	1.859e-07
803.8	1.8735e-07
804.0	1.8881e-07
804.2	1.9029e-07
804.4	1.9177e-07
804.6	1.9327e-07
804.8	1.9476e-07
805.0	1.9577e-07
805.2	1.9679e-07
805.4	1.9781e-07
805.6	1.9884e-07
805.8	1.9988e-07
806.0	2.0092e-07
806.2	2.0196e-07
806.4	2.0301e-07
806.6	2.0407e-07
806.8	2.0513e-07
807.0	2.062e-07
807.2	2.0727e-07
807.4	2.0835e-07
807.6	2.0943e-07
807.8	2.1052e-07
808.0	2.1161e-07
808.2	2.1271e-07
808.4	2.1382e-07
808.6	2.1493e-07
808.8	2.1605e-07
809.0	2.1493e-07
809.2	2.1276e-07
809.4	2.1061e-07
809.6	2.0847e-07
809.8	2.0636e-07
810.0	2.0428e-07
810.2	2.0221e-07
810.4	2.0016e-07
810.6	1.9814e-07
810.8	1.9613e-07
811.0	1.9415e-07
811.2	1.9218e-07
811.4	1.9024e-07
811.6	1.8831e-07
811.8	1.8641e-07
812.0	1.8452e-07
812.2	1.8265e-07
812.4	1.8103e-07
812.6	1.7978e-07
812.8	1.7854e-07
813.0	1.773e-07
813.2	1.7608e-07
813.4	1.7486e-07
813.6	1.7365e-07
813.8	1.7246e-07
814.0	1.7126e-07
814.2	1.7008e-07
814.4	1.6891e-07
814.6	1.6774e-07
814.8	1.6658e-07
815.0	1.6988e-07
815.2	1.9032e-07
815.4	2.1323e-07
815.6	2.3889e-07
815.8	2.6764e-07
816.0	2.9985e-07
816.2	3.3594e-07
816.4	3.7637e-07
816.6	4.2167e-07
816.8	4.7242e-07
817.0	5.2927e-07
817.2	5.9297e-07
817.4	6.6434e-07
817.6	7.4429e-07
817.8	8.3387e-07
818.0	9.3423e-07
818.2	1.0467e-06
818.4	1.1726e-06
818.6	1.3138e-06
818.8	1.386e-06
819.0	1.3803e-06
819.2	1.3746e-06
819.4	1.3689e-06
819.6	1.3632e-06
819.8	1.3576e-06
820.0	1.3519e-06
820.2	1.3463e-06
820.4	1.3408e-06
820.6	1.3352e-06
820.8	1.3297e-06
821.0	1.3242e-06
821.2	1.3187e-06
821.4	1.3132e-06
821.6	1.3078e-06
821.8	1.3023e-06
822.0	1.2969e-06
822.2	1.2916e-06
822.4	1.2819e-06
822.6	1.2655e-06
822.8	1.2492e-06
823.0	1.2332e-06
823.2	1.2174e-06
823.4	1.2018e-06
823.6	1.1864e-06
823.8	1.1712e-06
824.0	1.1562e-06
824.2	1.1414e-06
824.4	1.1268e-06
824.6	1.1123e-06
824.8	1.0981e-06
825.0	1.084e-06
825.2	1.0701e-06
825.4	1.0564e-06
825.6	1.0429e-06
825.8	1.0295e-06
826.0	1.0208e-06
826.2	1.0245e-06
826.4	1.0282e-06
826.6	1.0319e-06
826.8	1.0356e-06
827.0	1.0394e-06
827.2	1.0431e-06
827.4	1.0469e-06
827.6	1.0506e-06
827.8	1.0544e-06
828.0	1.0582e-06
828.2	1.062e-06
828.4	1.0659e-06
828.6	1.0697e-06
828.8	1.0736e-06
829.0	1.0774e-06
829.2	1.0813e-06
829.4	1.0852e-06
829.6	1.0883e-06
829.8	1.087e-06
830.0	1.0858e-06
830.2	1.0845e-06
830.4	1.0833e-06
830.6	1.0821e-06
830.8	1.0808e-06
831.0	1.0796e-06
831.2	1.0783e-06
831.4	1.0771e-06
831.6	1.0759e-06
831.8	1.0746e-06
832.0	1.0734e-06
832.2	1.0722e-06
832.4	1.0709e-06
832.6	1.0697e-06
832.8	1.0685e-06
833.0	1.0673e-06
833.2	1.0653e-06
833.4	1.053e-06
833.6	1.0409e-06
833.8	1.0289e-06
834.0	1.017e-06
834.2	1.0053e-06
834.4	9.9376e-07
834.6	9.8232e-07
834.8	9.7101e-07
835.0	9.5984e-07
835.2	9.4879e-07
835.4	9.3786e-07
835.6	9.2707e-07
835.8	9.1639e-07
836.0	9.0585e-07
836.2	8.9542e-07
836.4	8.8511e-07
836.6	8.7492e-07
836.8	8.6485e-07
837.0	8.571e-07
837.2	8.4946e-07
837.4	8.4189e-07
837.6	8.3439e-07
837.8	8.2695e-07
838.0	8.1958e-07
838.2	8.1227e-07
838.4	8.0503e-07
838.6	7.9785e-07
838.8	7.9074e-07
839.0	7.8369e-07
839.2	7.767e-07
839.4	7.6978e-07
839.6	7.6292e-07
839.8	7.5612e-07
840.0	7.4938e-07
840.2	7.427e-07
840.4	7.3607e-07
840.6	7.3697e-07
840.8	7.3861e-07
841.0	7.4025e-07
841.2	7.4189e-07
841.4	7.4354e-07
841.6	7.4519e-07
841.8	7.4685e-07
842.0	7.4851e-07
842.2	7.5017e-07
842.4	7.5183e-07
842.6	7.5351e-07
842.8	7.5518e-07
843.0	7.5686e-07
843.2	7.5854e-07
843.4	7.6022e-07
843.6	7.6191e-07
843.8	7.636e-07
844.0	7.653e-07
844.2	7.5855e-07
844.4	7.5033e-07
844.6	7.4219e-07
844.8	7.3415e-07
845.0	7.2619e-07
845.2	7.1832e-07
845.4	7.1054e-07
845.6	7.0284e-07
845.8	6.9522e-07
846.0	6.8769e-07
846.2	6.8023e-07
846.4	6.7286e-07
846.6	6.6557e-07
846.8	6.5835e-07
847.0	6.5122e-07
847.2	6.4416e-07
847.4	6.3718e-07
847.6	6.3027e-07
847.8	6.1091e-07
848.0	5.8886e-07
848.2	5.676e-07
848.4	5.4711e-07
848.6	5.2736e-07
848.8	5.0832e-07
849.0	4.8997e-07
849.2	4.7228e-07
849.4	4.5523e-07
849.6	4.388e-07
849.8	4.2296e-07
850.0	4.0769e-07
850.2	3.9297e-07
850.4	3.7878e-07
850.6	3.6511e-07
850.8	3.5193e-07
851.0	3.3922e-07
851.2	3.2698e-07
851.4	3.2787e-07
851.6	3.3337e-07
851.8	3.3895e-07
852.0	3.4463e-07
852.2	3.504e-07
852.4	3.5627e-07
852.6	3.6224e-07
852.8	3.6831e-07
853.0	3.7448e-07
853.2	3.8075e-07
853.4	3.8713e-07
853.6	3.9361e-07
853.8	4.002e-07
854.0	4.0691e-07
854.2	4.1372e-07
854.4	4.2065e-07
854.6	4.277e-07
854.8	4.3487e-07
855.0	4.3583e-07
855.2	4.3412e-07
855.4	4.3241e-07
855.6	4.3071e-07
855.8	4.2902e-07
856.0	4.2733e-07
856.2	4.2565e-07
856.4	4.2397e-07
856.6	4.223e-07
856.8	4.2064e-07
857.0	4.1899e-07
857.2	4.1734e-07
857.4	4.157e-07
857.6	4.1406e-07
857.8	4.1243e-07
858.0	4.1081e-07
858.2	4.0919e-07
858.4	4.0759e-07
858.6	4.1366e-07
858.8	4.2363e-07
859.0	4.3385e-07
859.2	4.443e-07
859.4	4.5501e-07
859.6	4.6598e-07
859.8	4.7722e-07
860.0	4.8872e-07
860.2	5.005e-07
860.4	5.1257e-07
860.6	5.2492e-07
860.8	5.3758e-07
861.0	5.5054e-07
861.2	5.6381e-07
861.4	5.774e-07
861.6	5.9132e-07
861.8	6.0558e-07
862.0	6.2017e-07
862.2	6.1413e-07
862.4	5.9748e-07
862.6	5.8128e-07
862.8	5.6552e-07
863.0	5.5018e-07
863.2	5.3526e-07
863.4	5.2075e-07
863.6	5.0663e-07
863.8	4.9289e-07
864.0	4.7953e-07
864.2	4.6652e-07
864.4	4.5387e-07
864.6	4.4157e-07
864.8	4.2959e-07
865.0	4.1794e-07
865.2	4.0661e-07
865.4	3.9559e-07
865.6	3.8486e-07
865.8	3.6765e-07
866.0	3.4769e-07
866.2	3.2882e-07
866.4	3.1097e-07
866.6	2.941e-07
866.8	2.7813e-07
867.0	2.6304e-07
867.2	2.4876e-07
867.4	2.3526e-07
867.6	2.2249e-07
867.8	2.1041e-07
868.0	1.9899e-07
868.2	1.7928e-07
868.4	1.6151e-07
868.6	1.4551e-07
868.8	1.311e-07
869.0	1.1811e-07
869.2	1.064e-07
869.4	1.0203e-07
869.6	1.0724e-07
869.8	1.127e-07
870.0	1.1845e-07
870.2	1.2448e-07
870.4	1.3083e-07
870.6	1.375e-07
870.8	1.4451e-07
871.0	1.5187e-07
871.2	1.5962e-07
871.4	1.6775e-07
871.6	1.763e-07
871.8	1.8529e-07
872.0	1.9474e-07
872.2	2.0466e-07
872.4	2.151e-07
872.6	2.2606e-07
872.8	2.3758e-07
873.0	2.3873e-07
873.2	2.1852e-07
873.4	2.0002e-07
873.6	1.8308e-07
873.8	1.6758e-07
874.0	1.5339e-07
874.2	1.4041e-07
874.4	1.2852e-07
874.6	1.1764e-07
874.8	1.0768e-07
875.0	9.8562e-08
875.2	9.0218e-08
875.4	8.2579e-08
875.6	7.5588e-08
875.8	6.9188e-08
876.0	6.3331e-08
876.2	5.7969e-08
876.4	5.3061e-08
876.6	5.1784e-08
876.8	5.172e-08
877.0	5.1657e-08
877.2	5.1593e-08
877.4	5.1529e-08
877.6	5.1466e-08
877.8	5.1402e-08
878.0	5.1339e-08
878.2	5.1275e-08
878.4	5.1212e-08
878.6	5.1149e-08
878.8	5.1086e-08
879.0	5.1022e-08
879.2	5.0959e-08
879.4	5.0897e-08
879.6	5.0834e-08
879.8	5.0771e-08
880.0	5.0811e-08
880.2	5.0947e-08
880.4	5.1083e-08
880.6	5.122e-08
880.8	5.1357e-08
881.0	5.1494e-08
881.2	5.1631e-08
881.4	5.1769e-08
881.6	5.1908e-08
881.8	5.2046e-08
882.0	5.2185e-08
882.2	5.2325e-08
882.4	5.2465e-08
882.6	5.2605e-08
882.8	5.2745e-08
883.0	5.2886e-08
883.2	5.3027e-08
883.4	5.3169e-08
883.6	5.3311e-08
883.8	5.3454e-08
884.0	5.3596e-08
884.2	5.374e-08
884.4	5.3883e-08
884.6	5.4027e-08
884.8	5.4184e-08
885.0	5.5149e-08
885.2	5.6131e-08
885.4	5.713e-08
885.6	5.8148e-08
885.8	5.9184e-08
886.0	6.0238e-08
886.2	6.131e-08
886.4	6.2402e-08
886.6	6.3514e-08
886.8	6.4645e-08
887.0	6.5796e-08
887.2	6.6968e-08
887.4	6.816e-08
887.6	6.9374e-08
887.8	7.061e-08
888.0	7.1867e-08
888.2	7.3147e-08
888.4	7.445e-08
888.6	7.5776e-08
888.8	7.7125e-08
889.0	7.8499e-08
889.2	7.9897e-08
889.4	8.132e-08
889.6	8.2768e-08
889.8	8.3721e-08
890.0	8.4193e-08
890.2	8.4666e-08
890.4	8.5143e-08
890.6	8.5622e-08
890.8	8.6104e-08
891.0	8.6589e-08
891.2	8.7076e-08
891.4	8.7566e-08
891.6	8.8059e-08
891.8	8.8554e-08
892.0	8.9053e-08
892.2	8.9554e-08
892.4	9.0058e-08
892.6	9.0565e-08
892.8	9.1074e-08
893.0	9.1587e-08
893.2	9.2102e-08
893.4	9.2621e-08
893.6	9.3142e-08
893.8	9.3666e-08
894.0	9.4193e-08
894.2	9.4723e-08
894.4	9.5257e-08
894.6	9.578e-08
894.8	9.582e-08
895.0	9.586e-08
895.2	9.5899e-08
895.4	9.5939e-08
895.6	9.5979e-08
895.8	9.6019e-08
896.0	9.6058e-08
896.2	9.6098e-08
896.4	9.6138e-08
896.6	9.6178e-08
896.8	9.6218e-08
897.0	9.6257e-08
897.2	9.6297e-08
897.4	9.6337e-08
897.6	9.6377e-08
897.8	9.6417e-08
898.0	9.6457e-08
898.2	9.6497e-08
898.4	9.6537e-08
898.6	9.6577e-08
898.8	9.6617e-08
899.0	9.6657e-08
899.2	9.6697e-08
899.4	9.6737e-08
899.6	9.6777e-08
899.8	9.6817e-08
900.0	9.6857e-08
900.2	9.6897e-08
900.4	9.6937e-08
900.6	9.6885e-08
900.8	9.6185e-08
901.0	9.549e-08
901.2	9.48e-08
901.4	9.4115e-08
901.6	9.3435e-08
901.8	9.276e-08
902.0	9.209e-08
902.2	9.1425e-08
902.4	9.0764e-08
902.6	9.0108e-08
902.8	8.9457e-08
903.0	8.8811e-08
903.2	8.8169e-08
903.4	8.7532e-08
903.6	8.69e-08
903.8	8.6272e-08
904.0	8.5649e-08
904.2	8.6905e-08
904.4	8.8291e-08
904.6	8.97e-08
904.8	9.1131e-08
905.0	9.2585e-08
905.2	9.4063e-08
905.4	9.5563e-08
905.6	9.7088e-08
905.8	9.8637e-08
906.0	1.0021e-07
906.2	1.0181e-07
906.4	1.0343e-07
906.6	1.0508e-07
906.8	1.0676e-07
907.0	1.0846e-07
907.2	1.102e-07
907.4	1.1195e-07
907.6	1.1374e-07
907.8	1.1555e-07
908.0	1.174e-07
908.2	1.1927e-07
908.4	1.2117e-07
908.6	1.2311e-07
908.8	1.2507e-07
909.0	1.2707e-07
